
p[n_] := Total[Divisors[n]] / n

Half[{k_, n_}] := n == 1/2 

start = 15338300494970880
Do[ 
    n = start + k;
    If[ Mod[p[n], 1] == 1/2, Print[n]], {k, 0, 1000000}]

Select[ Table[{n, Mod[p[n], 1]}, {n, 1, 10^10}]
      , Half 
      ]

p[8910720]

Total[{2,24,4320,4680,26208,8910720,17428320,20427264,
 91963648,197064960,8583644160,10200236032,
 21857648640,57575890944,57629644800,206166804480,
 17116004505600,1416963251404800,
 15338300494970880}]

Total[{2, 24, 4320, 4680, 26208, 8910720, 17428320, 20427264, 91963648, 197064960, 8583644160, 10200236032, 21857648640, 57575890944, 57629644800, 206166804480, 17116004505600, 1416963251404800, 15338300494970880}]

  	

Do[ 
  If[ Mod[ DivisorSigma[1, n], n] == 1/2, Print[n] ], 
  {n, 2, 10^8 } ]

Transpose[ Select[ Table[ {n, 
  DivisorSigma[ -1, n ]}, {n, 100000} ], IntegerQ[ # [[ 2 ] ] ]& ] ][[ 1 ] ] 
 


PrimeQ[{37, 73, 313, 317, 373, 797}]
